#include <iostream>
#include <string>
using namespace std;

int main()
{
	setlocale(0, "");

	int menu;

	cout << "[0] Выберите лабиринт" << endl << endl;
	cout << "[1] Лабиринт из 15" << endl;
	cout << "[2] Лабиринт из 20" << endl;
	cout << "[3] Лабиринт из 30" << endl;
	cin >> menu;

	switch (menu)
	{
		{case 1:
			int arr[15][15] =
			{

				{1, 1, 1, 1, 1, 1, 1, 1, 1, 1, 1, 1, 1, 0, 1},
				{1, 1, 1, 1, 1, 1, 1, 1, 1, 1, 1, 1, 1, 0, 1},
				{1, 1, 1, 0, 0, 0, 0, 1, 1, 0, 0, 0, 0, 0, 1},
				{1, 1, 1, 0, 1, 1, 0, 1, 1, 0, 1, 0, 1, 1, 1},
				{1, 1, 1, 0, 1, 1, 0, 0, 0, 0, 1, 0, 0, 1, 1},
				{1, 1, 0, 0, 1, 1, 1, 0, 1, 1, 1, 1, 0, 1, 1},
				{1, 1, 1, 1, 1, 1, 1, 0, 1, 1, 1, 1, 0, 1, 1},
				{1, 1, 1, 1, 1, 1, 1, 0, 1, 1, 1, 1, 1, 1, 1},
				{1, 1, 1, 1, 1, 0, 0, 0, 0, 1, 1, 1, 1, 1, 1},
				{1, 1, 1, 0, 0, 0, 1, 1, 0, 1, 1, 1, 1, 1, 1},
				{1, 1, 1, 0, 1, 1, 1, 1, 0, 1, 1, 1, 1, 1, 1},
				{1, 1, 0, 0, 1, 1, 1, 1, 0, 0, 0, 1, 1, 1, 1},
				{1, 1, 1, 1, 1, 1, 0, 0, 0, 1, 0, 0, 1, 1, 1},
				{1, 1, 1, 1, 0, 0, 0, 1, 1, 1, 1, 0, 1, 1, 1},
				{1, 1, 1, 1, 1, 1, 1, 1, 1, 1, 1, 0, 1, 1, 1}
			};

			for (int i = 0; i < 15; i++)
			{
				for (int j = 0; j < 15; j++)
				{
					if (arr[i][j] == 0)
					{
						cout << "  ";
					}
					else
					{
						cout << "# ";
					}
				}
				cout << "\n";
			}
			break;
		}
		{case 2:
			int mas[20][20] =
			{
				{1, 1, 1, 0, 1, 1, 1, 1, 1, 1, 1, 1, 1, 1, 1, 1, 1, 1, 1},
				{1, 1, 1, 0, 1, 1, 1, 0, 0, 0, 1, 1, 1, 1, 1, 1, 1, 1, 1},
				{1, 0, 0, 0, 0, 0, 1, 0, 1, 1, 1, 1, 1, 1, 1, 1, 1, 1, 1},
				{1, 0, 1, 1, 1, 0, 1, 0, 1, 1, 1, 1, 1, 1, 1, 1, 1, 1, 1},
				{1, 0, 1, 1, 1, 0, 0, 0, 1, 1, 1, 0, 0, 1, 1, 1, 1, 1, 1},
				{1, 1, 1, 1, 1, 1, 0, 1, 1, 1, 1, 1, 0, 1, 1, 1, 1, 1, 1},
				{1, 1, 1, 1, 1, 1, 0, 1, 1, 1, 1, 1, 0, 0, 0, 1, 1, 1, 1},
				{1, 1, 1, 1, 0, 0, 0, 0, 0, 1, 1, 1, 1, 1, 0, 1, 1, 1, 1},
				{1, 1, 1, 1, 0, 1, 1, 1, 0, 0, 0, 1, 1, 1, 0, 1, 1, 1, 1},
				{1, 1, 1, 0, 0, 1, 1, 1, 1, 1, 0, 1, 1, 0, 0, 1, 1, 1, 1},
				{1, 1, 1, 0, 1, 1, 1, 1, 1, 1, 0, 0, 0, 0, 1, 1, 1, 1, 1},
				{1, 1, 1, 0, 1, 1, 1, 1, 0, 0, 0, 1, 1, 1, 1, 1, 1, 1, 1},
				{1, 0, 0, 0, 1, 1, 1, 1, 0, 1, 1, 1, 1, 1, 1, 1, 1, 1, 1},
				{1, 1, 1, 1, 1, 1, 1, 1, 0, 0, 0, 0, 0, 1, 1, 1, 1, 1, 1},
				{1, 1, 1, 1, 1, 1, 1, 1, 0, 1, 1, 1, 1, 1, 1, 1, 1, 1, 1},
				{1, 1, 1, 1, 1, 1, 1, 1, 0, 1, 1, 1, 1, 1, 1, 1, 1, 1, 1}
			};

			for (int m = 0; m < 20; m++)
			{
				for (int n = 0; n < 20; n++)
				{
					if (mas[m][n] == 0)
					{
						cout << "  ";
					}
					else
					{
						cout << "# ";
					}
				}
				cout << "\n";
			}
			break;
		}
		{
		case 3:
			int las[30][30] =
			{
				{1, 1, 1, 1, 1, 1, 1, 1, 1, 1, 1, 1, 1, 0, 1, 1, 1, 1, 1, 1, 1, 1, 1, 1, 1, 1, 1, 1, 1},
				{1, 1, 1, 1, 1, 1, 1, 1, 1, 1, 1, 1, 1, 0, 1, 1, 1, 1, 1, 1, 1, 1, 1, 1, 1, 1, 1, 1, 1},
				{1, 1, 1, 1, 0, 1, 1, 1, 1, 0, 0, 0, 0, 0, 1, 1, 1, 1, 1, 1, 1, 1, 1, 1, 1, 1, 1, 1, 1},
				{1, 1, 1, 1, 0, 0, 0, 1, 1, 0, 1, 1, 1, 0, 1, 1, 1, 1, 1, 1, 0, 0, 0, 1, 1, 1, 1, 1, 1},
				{1, 1, 1, 1, 1, 1, 0, 0, 0, 0, 1, 1, 1, 0, 0, 0, 0, 1, 1, 1, 0, 1, 0, 0, 1, 1, 1, 1, 1},
				{1, 1, 1, 1, 1, 1, 1, 1, 0, 1, 1, 1, 1, 1, 1, 1, 0, 1, 1, 1, 0, 1, 1, 1, 1, 1, 1, 1, 1},
				{1, 1, 1, 1, 1, 1, 1, 1, 0, 1, 1, 1, 1, 1, 1, 1, 0, 0, 0, 0, 0, 1, 1, 1, 1, 1, 1, 1, 1},
				{1, 1, 1, 1, 1, 1, 1, 1, 0, 1, 1, 1, 1, 1, 1, 1, 0, 1, 1, 1, 1, 1, 1, 1, 1, 1, 1, 1, 1},
				{1, 1, 1, 1, 1, 1, 0, 0, 0, 1, 1, 1, 1, 1, 1, 1, 0, 1, 1, 1, 1, 1, 1, 1, 1, 1, 1, 1, 1},
				{1, 1, 1, 1, 1, 1, 0, 1, 1, 1, 1, 1, 1, 1, 1, 1, 0, 1, 1, 1, 1, 1, 1, 1, 1, 1, 1, 1, 1},
				{1, 1, 1, 1, 0, 0, 0, 1, 1, 1, 1, 0, 0, 0, 0, 0, 0, 1, 1, 1, 1, 1, 1, 1, 1, 1, 1, 1, 1},
				{1, 1, 1, 1, 1, 1, 1, 1, 1, 1, 1, 0, 1, 1, 0, 1, 1, 1, 1, 1, 1, 1, 1, 1, 1, 1, 1, 1, 1},
				{1, 1, 1, 1, 1, 1, 1, 1, 1, 1, 1, 0, 1, 1, 0, 1, 1, 1, 1, 1, 1, 1, 1, 1, 1, 1, 1, 1, 1},
				{1, 1, 1, 1, 1, 1, 1, 1, 1, 0, 0, 0, 1, 1, 0, 1, 1, 1, 1, 1, 1, 1, 0, 0, 1, 1, 1, 1, 1},
				{1, 1, 1, 1, 1, 1, 1, 1, 1, 0, 1, 1, 1, 1, 0, 1, 1, 1, 1, 1, 0, 0, 0, 1, 1, 1, 1, 1, 1},
				{1, 1, 1, 1, 1, 1, 1, 1, 1, 1, 1, 1, 1, 1, 0, 0, 1, 1, 1, 1, 0, 1, 1, 1, 1, 1, 1, 1, 1},
				{1, 1, 1, 1, 1, 1, 1, 1, 1, 1, 1, 1, 1, 1, 1, 0, 0, 0, 0, 0, 0, 1, 1, 1, 1, 1, 1, 1, 1},
				{1, 1, 1, 1, 1, 1, 1, 1, 1, 1, 1, 1, 1, 1, 1, 1, 1, 0, 1, 1, 1, 1, 1, 1, 1, 1, 1, 1, 1},
				{1, 1, 1, 1, 1, 0
				, 1, 1, 1, 1, 1, 1, 1, 1, 1, 1, 1, 0, 1, 1, 1, 1, 1, 1, 1, 1, 1, 1, 1},
				{1, 1, 1, 1, 1, 0, 1, 1, 0, 0, 0, 0, 1, 1, 0, 0, 0, 0, 1, 1, 1, 1, 1, 1, 1, 1, 1, 1, 1},
				{1, 1, 1, 1, 1, 0, 1, 1, 0, 1, 1, 0, 1, 1, 0, 1, 1, 0, 0, 0, 1, 1, 1, 1, 1, 1, 1, 1, 1},
				{1, 1, 1, 1, 1, 0, 0, 0, 0, 1, 1, 0, 0, 0, 0, 1, 1, 1, 1, 0, 1, 1, 1, 1, 1, 1, 1, 1, 1},
				{1, 1, 1, 1, 1, 1, 1, 1, 0, 1, 1, 1, 1, 1, 1, 1, 1, 1, 1, 0, 0, 1, 1, 1, 1, 1, 1, 1, 1},
				{1, 1, 1, 1, 1, 1, 1, 1, 0, 1, 1, 1, 1, 1, 1, 1, 1, 1, 1, 1, 0, 1, 1, 1, 1, 1, 1, 1, 1},
				{1, 1, 1, 1, 1, 1, 1, 1, 1, 1, 1, 1, 1, 1, 1, 1, 1, 1, 1, 1, 0, 1, 1, 1, 1, 1, 1, 1, 1},
				{1, 1, 1, 1, 1, 1, 1, 1, 1, 1, 1, 1, 1, 1, 1, 1, 1, 1, 1, 1, 0, 1, 1, 1, 1, 1, 1, 1, 1}
			};

			for (int p = 0; p < 30; p++)
			{
				for (int k = 0; k < 30; k++)
				{
					if (las[p][k] == 0)
					{
						cout << "  ";
					}
					else
					{
						cout << "# ";
					}
				}
				cout << "\n";
			}
			break;
		}
	}











	int _; cin >> _;
	return 0;
